ID	V6	V7	V9	V11	P6	P7	P9	P11	T6	T7	T9	T11	age6	sex	race	moedu	moeducat	faedu	faeducat
  0	24.4196428571	26.9791666667	39.6130952381	55.6398809524	19.8359367671	22.9693217	43.9024533258	44.1868374144	22.1277898121	24.9742441833	41.757774282	49.9133591834	5.83333333333	1	1	4	0	4	0
  1	12.4404761905	14.375	21.9196428571	37.8125	5.89877099165	13.4388779435	18.2866591613	40.3839478375	9.16962359106	13.9069389718	20.1031510092	39.0982239188	5.91666666667	2	2	6	0	5	0
  2	32.4255952381	33.5119047619	34.3005952381	50.1785714286	27.6382634393	45.0219298246	46.9943240454	77.7161319073	30.0319293387	39.2669172932	40.6474596418	63.9473516679	6.33333333333	1	1	2	2	3	1
  3	22.693452381	28.3928571429	42.1577380952	44.7172619048	33.1581292804	29.6770334928	45.9721831316	61.6640866873	27.9257908307	29.0349453178	44.0649606134	53.190674296	6.33333333333	2	1	2	2	2	2
  4	28.2291666667	37.8125	41.056547619	70.9523809524	27.6382634393	44.4177455671	65.4753025612	64.2176798949	27.933715053	41.1151227836	53.2659250901	67.5850304237	6.16666666667	1	1	3	1	3	1
  5	16.056547619	20.119047619	38.0208333333	39.9404761905	8.4455624355	15.778450136	26.9871704663	39.0819964349	12.2510550273	17.9487488775	32.5040018998	39.5112363127	5.66666666667	1	1	2	2	2	2
  6	8.49702380952	16.4880952381	28.7053571429	40.8333333333	4.84778121775	17.2387184539	30.7510085374	41.0270663289	6.67240251364	16.863406846	29.7281828401	40.9301998311	6.16666666667	2	2	4	0	6	0
  7	14.1071428571	20.9226190476	21.5327380952	25.6845238095	18.7196266066	21.4298949245	33.6341354724	42.3563420584	16.4133847319	21.176256986	27.5834367838	34.0204329339	6.08333333333	2	2	6	0	6	0
  8	15.5208333333	23.3630952381	37.4107142857	45.5208333333	13.3720330237	20.1300544141	35.3633080026	38.5276526879	14.4464331785	21.7465748261	36.3870111442	42.0242430106	6.08333333333	2	1	4	0	4	0
  9	20.0744047619	33.3779761905	37.7083333333	48.6458333333	15.2637442537	23.6676752041	42.5902992776	48.3913828689	17.6690745078	28.5228256973	40.1493163055	48.5186081011	5.91666666667	2	1	3	1	4	0
 11	21.5922619048	30.9970238095	41.3839285714	55.0	14.2944929168	27.2422366076	32.6917393752	48.1686837414	17.9433774108	29.1196302085	37.0378339733	51.5843418707	5.75	1	1	3	1	4	0
 14	15.5654761905	19.7023809524	26.681547619	34.0922619048	11.1219392063	19.849305751	32.8655361666	35.6071160522	13.3437076984	19.7758433517	29.7735418928	34.8496889785	6.25	1	2	4	0	4	0
 15	20.0297619048	25.4166666667	22.4255952381	30.8928571429	11.4628482972	16.8762313538	28.1806454639	34.3179472746	15.746305101	21.1464490102	25.303120351	32.6054022087	5.58333333333	2	2	4	0	7	0
 16	22.7529761905	29.4494047619	32.9910714286	46.9047619048	18.5889858336	35.6116896519	36.8088000751	56.1962895206	20.670981012	32.5305472069	34.8999357518	51.5505257127	6.0	2	1	3	1	3	1
 17	18.0505952381	27.0386904762	27.2470238095	32.3958333333	10.5069659443	23.1915517403	38.2541748757	52.011797542	14.2787805912	25.1151211083	32.7505993426	42.2038154377	5.75	1	1	3	1	5	0
 21	22.5446428571	26.681547619	28.3333333333	41.9791666667	23.2732901773	30.0918238109	44.7009569378	45.5062623135	22.9089665172	28.386685715	36.5171451356	43.7427144901	5.91666666667	2	1	2	2	3	1
 23	11.2202380952	19.4494047619	21.7113095238	39.2857142857	10.0966319542	29.5093348344	28.5756168496	32.8124120462	10.6584350247	24.4793697982	25.1434631867	36.0490631659	6.0	2	2	4	0	4	0
 24	22.9613095238	25.2678571429	27.4404761905	30.5357142857	18.8481564875	27.0314992026	39.2835866404	46.4086687307	20.9047330056	26.1496781727	33.3620314154	38.4721915082	6.41666666667	2	2	4	0	6	0
 27	15.625	20.1785714286	29.4345238095	38.7946428571	32.0500281452	27.2587719298	42.3101369734	51.3392438315	23.8375140726	23.7186716792	35.8723303915	45.0669433443	6.25	2	1	3	1	3	1
 28	17.931547619	29.0773809524	39.4196428571	55.1636904762	31.5882118398	36.7752603434	53.4720658598	58.4863730181	24.7598797294	32.9263206479	46.4458543585	56.8250317471	5.75	2	1	3	1	2	2
 29	21.0267857143	28.3928571429	39.375	60.3869047619	17.6583169153	21.6140116334	40.0090299278	46.6745238765	19.3425513148	25.0034343881	39.6920149639	53.5307143192	7.33333333333	1	1	3	1	2	2
 30	21.5029761905	20.8035714286	30.0	54.2708333333	10.15010789	20.3506426494	42.1650717703	59.6120649217	15.8265420403	20.577107039	36.0825358852	56.9414491275	5.83333333333	2	1	6	0	6	0
 31	20.2976190476	28.1398809524	27.380952381	30.6845238095	17.4562576227	17.6902148419	33.6115020171	43.3111689652	18.8769383351	22.9150478971	30.496227199	36.9978463874	6.08333333333	1	2	3	1	3	1
 32	15.3273809524	18.8839285714	21.9642857143	31.6369047619	8.90268786941	20.4427010038	33.8521437283	40.2789895863	12.1150344109	19.6633147876	27.9082147213	35.9579471741	5.58333333333	1	2	4	0	4	0
 33	15.6398809524	14.4791666667	16.6666666667	27.2916666667	12.2490383713	19.6970869688	27.7066328924	39.1442677549	13.9444596619	17.0881268177	22.1866497795	33.2179672108	6.16666666667	2	2	4	0	5	0
 34	25.818452381	35.2083333333	45.4166666667	66.5178571429	35.2461534853	36.7830002815	56.2502345436	68.5790177315	30.5323029331	35.9956668074	50.8334506051	67.5484374372	5.91666666667	1	1	3	1	4	0
 35	24.8363095238	30.8630952381	47.5446428571	56.6964285714	24.8538793508	42.8427854395	62.8842996529	64.0705037996	24.8450944373	36.8529403388	55.214471255	60.3834661855	5.58333333333	1	1	2	2	1	2
 36	28.5714285714	34.3154761905	44.0178571429	62.2321428571	32.2839853645	46.1937095412	44.0569002721	61.1324936673	30.427706968	40.2545928659	44.0373787075	61.6823182622	5.83333333333	2	1	1	2	1	2
 37	21.0714285714	25.0892857143	40.1785714286	56.1458333333	28.5756168496	40.0337742753	48.4309034619	57.3100197017	24.8235227105	32.5615299948	44.3047374452	56.7279265175	5.91666666667	2	1	2	2	1	2
 38	17.1577380952	20.625	34.8363095238	37.8869047619	13.3036635707	22.8053757388	36.4200440942	62.1994324045	15.230700833	21.7151878694	35.628176809	50.0431685832	5.75	1	2	2	2	3	1
 39	27.5595238095	33.6458333333	51.0714285714	64.2708333333	25.163476874	37.9286283892	47.4241251525	54.3954639272	26.3615003418	35.7872308612	49.2477768619	59.3331486303	5.66666666667	1	1	3	1	3	1
 41	27.8273809524	37.8720238095	36.5476190476	50.8482142857	20.0939347031	31.7804203021	51.3365465804	60.0347124496	23.9606578277	34.8262220558	43.942082814	55.4414633676	6.5	2	1	3	1	3	1
 42	18.6011904762	32.6041666667	39.2708333333	54.8660714286	21.9816586922	40.8549113425	48.4966929355	49.5157847828	20.2914245842	36.7295390046	43.8837631344	52.1909281057	6.58333333333	2	2	5	0	6	0
 43	19.0327380952	32.2767857143	37.5	49.1666666667	18.4604559527	26.5645229384	51.8538324421	50.9031100478	18.746597024	29.4206543263	44.676916221	50.0348883573	5.75	2	1	3	1	3	1
 45	19.255952381	31.443452381	34.568452381	34.3005952381	14.7958298152	29.3036401163	44.5513181349	48.890139788	17.0258910981	30.3735462486	39.5598852579	41.595367513	6.25	1	1	5	0	6	0
 47	20.0297619048	19.9255952381	28.0208333333	34.1369047619	21.3800544141	23.5786659161	33.1661037621	52.0400600432	20.7049081594	21.7521305771	30.5934685477	43.0884824025	6.25	2	1	6	0	5	0
 48	19.4345238095	29.375	45.8035714286	61.369047619	18.072755418	21.2412046158	39.1184679613	54.6243784595	18.7536396137	25.3081023079	42.461019695	57.9967130393	5.75	1	1	4	0	4	0
 50	15.4761904762	24.1517857143	31.4732142857	44.5386904762	23.2948681865	32.8773806173	48.3143353035	67.8935641242	19.3855293313	28.5145831658	39.8937747946	56.2161273002	5.91666666667	2	1	2	2	2	2
 51	12.8422619048	19.2857142857	25.0892857143	32.5595238095	22.1019795478	29.1262078994	52.4683366169	68.384698377	17.4721207263	24.2059610926	38.7788111656	50.4721110932	6.66666666667	2	2	4	0	3	1
 52	19.9553571429	36.2946428571	35.4464285714	48.3333333333	20.3156956563	30.0431560184	51.0584951684	58.8720799325	20.1355263996	33.1688994378	43.2524618699	53.6027066329	5.58333333333	1	2	4	0	6	0
 53	6.57738095238	11.4285714286	21.6964285714	31.2797619048	9.19938549583	24.9593066892	36.1752978703	45.4368374144	7.8883832241	18.1939390589	28.9358632209	38.3582996596	5.66666666667	1	2	6	0	7	0
 55	17.8720238095	25.0	34.0922619048	43.0357142857	24.6487709917	36.643681396	39.2223707665	54.2900365888	21.2603974006	30.821840698	36.6573163356	48.6628754373	6.25	2	1	3	1	3	1
 56	20.4910714286	27.2470238095	34.880952381	49.806547619	20.7198142415	36.4884135472	46.8313162586	63.1059433343	20.605442835	31.8677186784	40.8561343198	56.4562454767	6.41666666667	2	1	3	1	2	2
 58	23.6904761905	24.375	31.4732142857	42.5	22.1755089596	26.7050145417	48.7894033211	54.3539497139	22.932992575	25.5400072709	40.1313088034	48.4269748569	5.91666666667	1	1	4	0	3	1
 60	8.72023809524	24.1071428571	30.6398809524	39.9702380952	2.8624871001	9.3104418801	21.4298949245	27.3337086031	5.79136259767	16.7087923686	26.0348879384	33.6519733491	5.58333333333	1	2	6	0	6	0
 61	27.2916666667	30.431547619	48.9285714286	62.380952381	29.5843887794	41.4811426963	51.3011305	61.1036448072	28.4380277231	35.9563451577	50.1148509643	61.7422985941	5.83333333333	2	1	3	1	2	2
 62	13.318452381	17.3363095238	32.8422619048	44.8214285714	19.1140116334	32.8233183225	42.9065812928	46.5449385496	16.2162320072	25.0798139232	37.8744215988	45.6831835605	6.08333333333	2	1	3	1	3	1
 63	35.1488095238	30.119047619	41.6220238095	54.494047619	28.6850314288	38.9153532226	49.6413828689	60.6378412609	31.9169204763	34.5172004208	45.6317033392	57.56594444	6.41666666667	1	1	3	1	3	1
 65	20.7142857143	27.7232142857	30.431547619	36.5625	18.4255089596	22.9796416174	35.3767942584	43.4041654939	19.5698973369	25.3514279516	32.9041709387	39.983332747	5.66666666667	2	2	2	2	2	2
 69	12.380952381	19.1964285714	24.7470238095	30.6398809524	19.548503612	29.7700300216	44.0572520874	57.1865325077	15.9647279965	24.4832292965	34.4021379485	43.9132067301	6.08333333333	1	2	4	0	#	#
 70	23.4821428571	34.4047619048	40.2083333333	48.943452381	24.6837179848	39.9956609438	48.4000609813	68.240102261	24.082930421	37.2002114243	44.3041971573	58.591777321	6.41666666667	2	1	3	1	5	0
 71	16.5773809524	20.9672619048	29.181547619	35.2529761905	7.22746036214	20.484332489	24.2291725303	40.120672671	11.9024206573	20.7257971969	26.7053600747	37.6868244307	6.33333333333	2	2	4	0	4	0
 72	17.5297619048	30.0297619048	34.6577380952	50.3571428571	17.3307768083	34.6501782531	40.5787362792	52.8318791631	17.4302693565	32.3399700789	37.6182371872	51.5945110101	6.08333333333	2	2	4	0	6	0
 73	13.2738095238	22.5892857143	23.6160714286	36.3541666667	2.52157800919	10.4977014729	28.2058588986	31.1813960034	7.8976937665	16.5434935936	25.9109651636	33.767781335	6.08333333333	2	2	6	0	6	0
 74	26.1011904762	34.7172619048	52.7083333333	54.5982142857	31.8294399099	37.4272914908	44.7108077681	60.9231635238	28.9653151931	36.0722766978	48.7095705507	57.7606889047	5.91666666667	1	1	3	1	4	0
 75	13.0208333333	15.7589285714	24.7321428571	22.7380952381	6.49216624449	22.478891078	21.7559104982	31.1218219345	9.75649978891	19.1189098247	23.2440266777	26.9299585863	6.0	2	2	6	0	3	1
 77	16.0416666667	18.75	33.4970238095	45.5654761905	23.1529693217	24.9043062201	31.6643212309	51.6718266254	19.5973179942	21.82715311	32.5806725202	48.6186514079	5.83333333333	2	1	4	0	3	1
 79	27.4553571429	36.130952381	41.7708333333	58.4523809524	15.6262313538	34.731447603	45.4398864809	52.4935500516	21.5407942483	35.431199992	43.6053599071	55.472965502	6.16666666667	1	1	3	1	3	1
 80	14.7023809524	21.1011904762	25.193452381	33.0952380952	1.68859649123	19.4764987335	34.2933201989	36.1762360447	8.1954887218	20.2888446048	29.7433862899	34.6357370699	6.16666666667	1	1	4	0	6	0
 83	31.3244047619	36.9791666667	42.8273809524	55.9672619048	23.4938784126	37.0397082278	52.6617177972	56.2558635895	27.4091415873	37.0094374472	47.7445493748	56.1115627471	6.41666666667	1	1	2	2	2	2
 84	18.4523809524	26.4136904762	29.6875	48.7351190476	7.74216624449	17.2706163805	35.6852190637	36.7197907871	13.0972735984	21.8421534284	32.6863595319	42.7274549174	5.58333333333	1	2	3	1	6	0
 86	10.5505952381	13.2142857143	25.625	34.0922619048	9.27291490759	20.4575945211	44.0891500141	43.644338118	9.91175507284	16.8359401177	34.857075007	38.8683000114	6.25	1	2	6	0	4	0
 87	27.5744047619	26.2053571429	35.4464285714	58.9880952381	15.8000281452	32.5883056572	43.7631344404	55.5843653251	21.6872164536	29.3968314	39.6047815059	57.2862302816	5.83333333333	1	1	2	2	2	2
 88	22.7976190476	34.6428571429	40.1636904762	47.931547619	31.3911952341	47.3274931982	48.097734309	64.0036588798	27.0944071408	40.9851751705	44.1307123926	55.9676032494	6.25	2	1	3	1	2	2
 89	17.7380952381	18.244047619	26.5178571429	36.0863095238	11.8865512712	15.0616849611	25.5387465991	26.5471667136	14.8123232547	16.6528662901	26.028301871	31.3167381187	6.33333333333	2	2	4	0	4	0
 90	10.1488095238	18.8244047619	29.2857142857	36.3988095238	9.10474716202	12.3251477625	31.5198423867	36.7074772493	9.62677834292	15.5747762622	30.4027783362	36.5531433865	6.0	1	2	4	0	5	0
 91	15.2380952381	15.5357142857	20.5357142857	24.6577380952	14.8091987991	14.1556431185	34.1262078994	34.1540013134	15.0236470186	14.8456787021	27.3309610926	29.4058697043	6.41666666667	2	2	4	0	3	1
 92	13.9583333333	14.5982142857	23.9285714286	37.9017857143	8.99216624449	19.7572473966	26.8565296932	31.4837226757	11.4752497889	17.1777308411	25.3925505609	34.692754195	6.16666666667	2	2	4	0	4	0
 94	26.5029761905	33.4226190476	44.3005952381	48.8392857143	15.8498686556	27.0658598368	28.2531194296	36.8384698377	21.176422423	30.2442394422	36.2768573338	42.838877776	6.41666666667	2	1	2	2	2	2
 95	11.5625	18.9285714286	23.318452381	32.3214285714	12.7637442537	19.8204568909	40.5967961347	57.5238061732	12.1631221268	19.3745141597	31.9576242578	44.9226173723	5.91666666667	1	2	6	0	6	0
 96	17.619047619	29.3601190476	32.5892857143	40.4166666667	13.7797870344	33.3934937611	38.0967961347	54.0113988179	15.6994173267	31.3768064044	35.3430409245	47.2140327423	6.0	2	1	5	0	6	0
 97	16.5178571429	22.4851190476	19.4791666667	37.3660714286	17.2958298152	19.4764987335	37.6699268224	40.1924430059	16.906843479	20.9808088905	28.5745467445	38.7792572172	6.08333333333	2	2	4	0	4	0
 98	13.4375	26.5178571429	26.0863095238	30.9672619048	11.652594052	22.5379960597	29.752556525	40.3710479407	12.545047026	24.5279266013	27.9194330244	35.6691549227	6.08333333333	2	2	4	0	4	0
 99	10.8630952381	17.931547619	21.2351190476	26.0863095238	2.34778121775	20.6128623698	26.6036917159	34.8769818932	6.60543822792	19.2722049944	23.9194053818	30.4816457085	5.91666666667	2	2	5	0	5	0
101	20.1339285714	24.3005952381	34.8363095238	33.7202380952	36.5101088282	32.6315789474	47.8900459705	53.6099774838	28.3220186998	28.4660870927	41.3631777472	43.6651077895	5.91666666667	1	1	3	1	3	1
103	24.0773809524	26.8452380952	28.8095238095	37.7083333333	14.651350971	18.5807768083	30.8277042875	39.8382822028	19.3643659617	22.7130074518	29.8186140485	38.7733077681	6.5	2	2	4	0	5	0
104	21.0267857143	30.744047619	37.2172619048	57.8571428571	19.9778356319	32.6999484004	46.2641898865	61.1314382212	20.5023106731	31.7219980097	41.7407258956	59.4942905392	6.25	2	2	2	2	3	1
106	26.056547619	22.7827380952	37.3363095238	41.2648809524	21.6006426494	32.6315789474	42.9584154236	60.9216389905	23.8285951342	27.7071585213	40.1473624737	51.0932599715	6.08333333333	1	1	3	1	2	2
107	21.4880952381	25.9970238095	33.2589285714	40.1041666667	9.35465334459	14.8806173187	29.2907402195	41.1592316352	15.4213742913	20.4388205641	31.2748343955	40.631699151	6.33333333333	2	2	3	1	#	#
108	33.9583333333	37.5	52.8422619048	57.4702380952	35.9635050192	33.986889014	49.3755277231	64.7549019608	34.9609191763	35.743444507	51.1088948139	61.112570028	6.33333333333	2	1	3	1	3	1
109	13.2738095238	20.0297619048	21.681547619	30.0148809524	14.5310301154	15.1115254714	27.9497373112	39.3354207712	13.9024198196	17.5706436881	24.8156424651	34.6751508618	5.83333333333	2	2	4	0	6	0
111	24.4791666667	24.2708333333	37.1875	39.0625	20.3866450887	21.802701942	41.1016511868	55.9921193358	22.4329058777	23.0367676377	39.1445755934	47.5273096679	6.16666666667	1	2	3	1	3	1
112	17.2023809524	28.1845238095	28.4821428571	43.5416666667	19.2492260062	25.8416596304	40.3561544235	43.0304203021	18.2258034793	27.0130917199	34.4191486403	43.2860434844	5.66666666667	1	1	3	1	3	1
113	19.0476190476	29.3452380952	34.1666666667	45.7142857143	20.2719532789	21.4617928511	43.9841917628	57.3639647246	19.6597861633	25.4035154732	39.0754292147	51.5391252195	6.41666666667	2	1	3	1	6	0
114	15.8333333333	16.25	26.0416666667	35.8333333333	11.8628623698	25.0698939863	38.9024533258	53.0740454076	13.8480978516	20.6599469932	32.4720599962	44.4536893705	6.25	1	1	6	0	6	0
116	18.244047619	26.5625	30.9672619048	40.8482142857	17.8321137067	36.200511305	46.9403790224	61.923374613	18.0380806629	31.3815056525	38.9538204636	51.3857944494	6.08333333333	1	1	3	1	4	0
117	23.0654761905	20.9375	30.3422619048	27.693452381	13.8399474622	20.4925415142	32.463880289	43.7353410264	18.4527118264	20.7150207571	31.4030710969	35.7143967037	5.5	2	2	2	2	3	1
118	19.255952381	21.9642857143	28.4523809524	42.0535714286	3.55356975326	18.1262313538	48.1302185946	68.287949151	11.4047610671	20.045258534	38.2912997735	55.1707602898	6.25	1	2	5	0	5	0
119	22.1875	27.7827380952	32.4702380952	37.3958333333	13.1365512712	19.7706163805	30.3834787504	52.9222957125	17.6620256356	23.7766772379	31.4268584228	45.1590645229	5.75	2	2	5	0	4	0
120	28.2738095238	31.8452380952	34.8660714286	52.5	24.882141852	40.7997936017	54.9756074679	64.0371986115	26.5779756879	36.3225158484	44.9208394482	58.2685993058	6.16666666667	1	1	6	0	4	0
121	18.4226190476	19.7023809524	25.2976190476	30.744047619	3.23529411765	7.93085655315	14.1875410451	20.5059104982	10.8289565826	13.8166187528	19.7425800464	25.6249790586	6.5	1	2	3	1	5	0
122	26.1011904762	32.6488095238	35.1785714286	54.8958333333	32.9590017825	38.1013697345	47.2544328736	50.4187775589	29.5300961294	35.3750896292	41.2165021511	52.6573054461	6.08333333333	2	1	2	2	2	2
123	23.005952381	32.8571428571	35.1785714286	51.6071428571	23.8198939863	33.6625152453	45.3212074303	67.2173749883	23.4129231836	33.2598290512	40.2498894295	59.4122589227	5.91666666667	2	1	3	1	6	0
124	12.1279761905	22.5297619048	26.8154761905	36.0119047619	12.7637442537	22.4495731307	27.7795759452	56.4189886481	12.4458602221	22.4896675177	27.2975260678	46.215446705	6.33333333333	1	2	2	2	4	0
125	14.0029761905	26.0267857143	35.7589285714	44.8511904762	27.8588516746	41.1958204334	44.8331222441	62.4642321043	20.9309139326	33.6113030739	40.2960254078	53.6577112903	6.41666666667	1	1	2	2	2	2
126	18.6160714286	19.3898809524	24.9255952381	37.1726190476	14.2841729993	22.9925415142	33.534806267	45.6996434938	16.450122214	21.1912112333	29.2302007525	41.4361312707	5.91666666667	2	1	3	1	4	0
127	21.9642857143	27.5595238095	39.0178571429	49.9404761905	18.6141992682	45.7469040248	43.5379726053	63.7239656628	20.2892424913	36.6532139171	41.2779148741	56.8322209266	6.5	1	1	3	1	3	1
128	31.3392857143	25.1488095238	41.6666666667	50.9375	34.2835866404	37.2468102073	57.8570925978	68.493643869	32.8114361773	31.1978098656	49.7618796322	59.7155719345	6.41666666667	1	1	3	1	3	1
129	12.1279761905	23.630952381	26.1160714286	55.5803571429	28.0320621071	37.489445539	44.7035369172	63.1166150671	20.0800191488	30.56019896	35.4098041729	59.348486105	6.08333333333	1	1	3	1	3	1
130	16.2053571429	26.9345238095	21.4285714286	40.0148809524	8.00696594427	15.4683835257	32.3651374425	37.4654048222	12.1061615436	21.2014536676	26.8968544356	38.7401428873	6.5	2	2	6	0	#	#
131	15.5654761905	23.7351190476	31.5922619048	32.2172619048	16.8762313538	24.1875410451	37.3640819964	49.3791631485	16.2208537721	23.9613300464	34.4781719506	40.7982125266	6.41666666667	2	2	5	0	6	0
132	20.7589285714	21.0714285714	39.806547619	48.0654761905	30.5439065578	39.8305422648	57.8534571723	70.4075194671	25.6514175646	30.4509854181	48.8300023957	59.2364978288	5.58333333333	2	1	3	1	2	2
133	20.505952381	26.4136904762	35.8779761905	42.2023809524	11.5605356975	24.5968195891	36.1625152453	55.9283234825	16.0332440392	25.5052550326	36.0202457179	49.0653522174	5.75	1	2	2	2	3	1
134	16.5922619048	25.0595238095	28.0654761905	33.943452381	9.49350314288	17.4480485974	26.4298949245	32.6834130781	13.0428825238	21.2537862035	27.2476855575	33.3134327296	5.75	2	2	3	1	#	#
135	3.33333333333	5.95238095238	12.6041666667	17.3511904762	3.75562904588	18.4255089596	25.0698939863	26.2144666479	3.54448118961	12.188944956	18.8370303265	21.782828562	5.91666666667	1	2	3	1	5	0
136	10.4017857143	16.7708333333	24.4791666667	33.4077380952	8.90010789005	18.4990383713	29.4604324984	40.6080542265	9.65094680217	17.6349358523	26.9697995825	37.0078961609	6.41666666667	2	2	6	0	6	0
137	12.068452381	21.755952381	26.2946428571	36.2797619048	11.1193592269	15.1115254714	32.6607796229	41.2353410264	11.5939058039	18.4337389262	29.47771124	38.7575514656	6.5	2	2	6	0	6	0
138	18.4077380952	21.5476190476	29.2708333333	41.5773809524	13.2435031429	14.3479688526	31.2729852707	47.592292898	15.8256206191	17.9477939501	30.271909302	44.5848369252	5.83333333333	1	1	6	0	6	0
139	20.0446428571	23.3333333333	33.3482142857	34.806547619	19.8277277418	41.1275682522	38.946312975	49.1708884511	19.9361852995	32.2304507928	36.1472636303	41.9887180351	6.33333333333	1	2	3	1	7	0
141	19.5535714286	25.7291666667	33.7946428571	35.4613095238	18.9561638052	14.8467257716	34.6409137818	44.5338446383	19.2548676169	20.2879462192	34.2177783195	39.9975770811	6.25	1	1	3	1	2	2
142	19.3154761905	22.7976190476	34.568452381	36.9642857143	11.0910967258	29.0198423867	35.3104184257	38.8978797261	15.2032864581	25.9087307172	34.9394354033	37.9310827202	5.66666666667	2	1	3	1	3	1
143	17.5148809524	18.5863095238	21.5327380952	32.5297619048	8.51240735529	17.3775682522	35.8954873816	43.3013181349	13.0136441538	17.981938888	28.7141127384	37.9155400198	6.33333333333	2	2	3	1	4	0
144	24.0029761905	26.6369047619	35.3273809524	39.6130952381	27.731846327	35.3767942584	52.4437095412	55.2188291585	25.8674112588	31.0068495101	43.8855452468	47.4159621983	5.58333333333	1	1	3	1	2	2
145	21.9791666667	24.7767857143	36.2351190476	49.9851190476	28.6573552866	38.6140819964	51.1741251525	58.7903414954	25.3182609766	31.6954338554	43.7046221	54.3877302715	6.25	2	1	2	2	2	2
146	30.8035714286	35.0744047619	51.3392857143	72.5892857143	30.3633080026	41.5613566001	58.5851158645	61.573083779	30.5834397156	38.317880681	54.9622007894	67.0811847466	6.41666666667	1	1	3	1	3	1
147	16.8898809524	30.1339285714	33.9285714286	44.6726190476	19.0991181161	38.4618632142	37.8555680645	63.8967070082	17.9944995343	34.2978958928	35.8920697466	54.2846630279	6.16666666667	1	1	3	1	3	1
148	19.255952381	28.6755952381	36.3095238095	46.8601190476	14.0137442537	34.6816070926	39.0557275542	55.6347921944	16.6348483173	31.6786011653	37.6826256819	51.247455621	6.16666666667	1	1	4	0	3	1
149	29.0773809524	28.0357142857	37.3958333333	46.2648809524	15.2822731964	19.8174078244	25.7736419927	35.8954873816	22.1798270744	23.926561055	31.584737663	41.080184167	6.25	2	2	6	0	6	0
150	22.5892857143	32.4851190476	41.7261904762	47.5297619048	27.8588516746	41.9094192701	48.9456093442	50.753471245	25.2240686945	37.1972691589	45.3358999102	49.1416165749	6.33333333333	2	1	3	1	3	1
151	13.2142857143	24.4196428571	29.8214285714	64.0922619048	12.6850548832	32.8762078994	41.492987147	69.1379350783	12.9496702987	28.6479253783	35.6572078592	66.6150984915	6.33333333333	1	1	4	0	3	1
152	19.9255952381	25.1339285714	30.9672619048	34.8363095238	3.37719298246	10.6046533446	29.1863683272	43.8140303968	11.6513941103	17.869290958	30.076815116	39.3251699603	6.33333333333	1	2	6	0	7	0
153	14.2261904762	15.8928571429	27.2172619048	39.0773809524	12.984332489	17.4696266066	41.0250727085	51.7403133502	13.6052614826	16.6812418747	34.1211673066	45.4088471513	6.0	1	2	4	0	3	1
156	22.7380952381	35.6101190476	43.125	53.6904761905	27.5629749507	39.1868374144	46.6610376208	57.8420818088	25.1505350944	37.398478231	44.8930188104	55.7662789996	5.58333333333	1	1	2	2	2	2
157	19.0773809524	27.1279761905	36.2797619048	54.6577380952	27.123557557	32.5918238109	49.7317994183	56.8307298996	23.1004692547	29.8599000007	43.0057806615	55.7442339974	5.91666666667	1	1	3	1	2	2
159	21.7261904762	30.0	43.0357142857	60.8928571429	19.4764987335	42.1670653907	57.5979219439	77.1921615536	20.6013446048	36.0835326954	50.3168181148	69.0425093482	6.41666666667	1	1	3	1	3	1
160	26.9345238095	30.2380952381	47.0982142857	64.7470238095	23.5271836007	39.492330425	47.6694577352	57.3680692373	25.2308537051	34.8652128315	47.3838360105	61.0575465234	5.58333333333	1	2	2	2	2	2
161	22.5	29.8214285714	33.3035714286	48.8988095238	22.7616333615	36.6790974763	39.1262078994	72.3536448072	22.6308166807	33.2502630239	36.214889664	60.6262271655	6.25	2	1	3	1	2	2
162	19.4494047619	21.5476190476	25.3571428571	42.5892857143	14.7958298152	18.7412046158	36.7474669294	60.1231353786	17.1226172885	20.1444118317	31.0523048932	51.3562105464	6.58333333333	1	2	5	0	4	0
163	17.0982142857	23.2142857143	35.1488095238	44.181547619	7.71026831785	21.1928886387	33.6078665916	46.2765034243	12.4042413018	22.2035871765	34.3783380577	45.2290255217	5.58333333333	2	2	3	1	6	0
164	16.5178571429	17.0535714286	31.9047619048	33.7797619048	9.28886387091	10.778450136	21.603105357	35.1478797261	12.9033605069	13.9160107823	26.7539336309	34.4638208154	5.5	2	2	4	0	5	0
165	23.0803571429	26.1607142857	35.1488095238	52.8273809524	22.3672483347	16.816070926	35.5998452012	45.8651139882	22.7238027388	21.4883926058	35.3743273625	49.3462474703	5.58333333333	2	1	2	2	2	2
166	20.2678571429	20.9226190476	37.5892857143	48.2142857143	14.3546533446	31.7541514213	39.573482503	59.3681396003	17.3112552437	26.3383852345	38.5813841087	53.7912126573	6.5	2	1	3	1	2	2
168	26.5029761905	30.9523809524	40.1041666667	55.6845238095	27.0196547519	44.0798855427	39.6805516465	61.3421756262	26.7613154712	37.5161332476	39.8923591566	58.5133497179	6.08333333333	2	1	2	2	2	2
169	26.7410714286	29.494047619	42.2172619048	43.5119047619	17.0366591613	29.6076085937	44.3144291209	55.7385777277	21.8888652949	29.5508281064	43.2658455128	49.6252412448	5.58333333333	2	1	2	2	3	1
170	20.7142857143	28.2886904762	33.5714285714	46.875	21.5404822216	31.0586124402	34.7215967727	64.5024157989	21.1273839679	29.6736514582	34.1465126721	55.6887078994	6.66666666667	2	1	3	1	2	2
173	21.6964285714	23.0654761905	24.880952381	35.6696428571	13.5910967258	25.7058588986	38.474176752	38.978562717	17.6437626486	24.3856675445	31.6775645665	37.324102787	6.41666666667	2	1	3	1	2	2
174	21.2797619048	27.4553571429	28.8095238095	45.7738095238	19.5017121681	28.3550286143	39.4531616474	50.2537761516	20.3907370364	27.9051928786	34.1313427285	48.0137928377	6.75	1	1	3	1	3	1
175	17.0833333333	22.1577380952	31.8452380952	43.7202380952	7.82390468149	22.7534243362	25.9085045501	53.310699878	12.4536190074	22.4555812157	28.8768713227	48.5154689866	6.58333333333	1	2	4	0	6	0
176	18.9880952381	27.3214285714	25.5208333333	41.7857142857	25.79181912	30.9788676236	42.4344450699	50.0948728774	22.389957179	29.1501480975	33.9776392016	45.9402935815	5.83333333333	2	1	3	1	2	2
177	26.7410714286	37.2916666667	44.1071428571	53.5714285714	36.357890046	57.1187494136	66.4893517215	78.7142321043	31.5494807373	47.2052080402	55.2982472893	66.1428303379	6.41666666667	1	1	3	1	2	2
178	17.0982142857	19.7023809524	25.6398809524	39.2857142857	17.8038512056	29.7490383713	52.1536964068	53.4242189699	17.4510327456	24.7257096619	38.8967886796	46.3549666278	6.58333333333	1	2	3	1	6	0
179	13.7946428571	15.2529761905	23.7797619048	31.4732142857	12.151350971	23.6424617694	30.3588516746	41.4030396848	12.9729969141	19.4477189799	27.0693067897	36.4381269852	6.0	2	2	4	0	5	0
180	14.8214285714	34.3154761905	35.193452381	46.1904761905	28.373557557	45.0799793602	47.8504081058	60.2377099165	21.5974930642	39.6977277753	41.5219302434	53.2140930535	6.08333333333	2	1	2	2	2	2
181	13.8541666667	25.193452381	23.5714285714	31.8452380952	6.413476874	16.8921803171	17.4593066892	38.7616099071	10.1338217703	21.042816349	20.5153676303	35.3034240012	5.75	2	2	3	1	5	0
183	10.7142857143	21.6964285714	27.2619047619	35.3571428571	16.2062576227	26.583051881	40.9638568346	45.9571723426	13.4602716685	24.1397402262	34.1128807983	40.6571575999	6.41666666667	1	2	6	0	3	1
184	20.1785714286	27.1577380952	33.3482142857	50.2529761905	23.8095740689	39.2769021484	32.8818369453	55.6537902242	21.9940727487	33.2173201218	33.1150256155	52.9533832073	6.0	1	1	2	2	1	2
185	32.6041666667	39.8511904762	42.619047619	54.6428571429	20.4241720612	37.4298714701	46.0173327704	65.8075335397	26.5141693639	38.6405309732	44.3181901947	60.2251953413	6.16666666667	2	1	2	2	3	1
186	18.3928571429	21.0267857143	35.4761904762	36.4583333333	17.7503752697	25.9866075617	37.5784548269	43.3379069331	18.0716162063	23.506696638	36.5273226515	39.8981201332	6.16666666667	2	1	3	1	3	1
187	9.97023809524	16.7857142857	21.7410714286	19.0625	12.7102683179	24.0687447228	31.4417393752	30.5433201989	11.3402532065	20.4272295042	26.5914054019	24.8029100994	5.91666666667	2	2	4	0	4	0
188	19.3452380952	25.9821428571	32.7976190476	40.1041666667	18.5591987991	19.1422741345	34.4223191669	52.4756074679	18.9522184472	22.5622084958	33.6099691073	46.2898870673	6.08333333333	1	2	4	0	6	0
189	20.7589285714	27.0535714286	34.0029761905	49.1220238095	33.4738249367	35.7386949995	52.2909044	58.7435500516	27.1163767541	31.3961332141	43.1469402953	53.9327869306	6.25	2	1	2	2	2	2
190	24.1517857143	24.255952381	33.1398809524	52.2470238095	28.1581292804	37.0035885167	43.6356600056	61.9732151234	26.1549574974	30.6297704488	38.387770479	57.1101194664	5.91666666667	1	1	2	2	2	2
191	22.2916666667	26.1458333333	30.9970238095	47.1130952381	22.6449479313	30.7742283516	46.9417862839	65.2443944085	22.468307299	28.4600308425	38.9694050467	56.1787448233	5.91666666667	1	1	3	1	1	2
192	28.3333333333	32.5	44.0773809524	61.4583333333	31.4879444601	33.11942959	45.1288816962	59.8788582419	29.9106388967	32.809714795	44.6031313243	60.6685957876	6.25	1	1	2	2	3	1
193	16.369047619	25.9821428571	30.744047619	37.5892857143	7.72621728117	19.5232901773	42.3557556994	43.3286424618	12.0476324501	22.7527165172	36.5499016592	40.458964088	5.66666666667	2	1	3	1	3	1
194	15.0595238095	16.681547619	27.3511904762	34.6130952381	15.2637442537	25.5742799512	32.1378647153	48.05715827	15.1616340316	21.1279137851	29.7445275957	41.3351267541	5.66666666667	2	2	6	0	6	0
195	10.0892857143	17.7380952381	17.1428571429	21.2797619048	2.42389060888	8.13655127123	17.7719532789	23.9858335679	6.25658816158	12.9373232547	17.4574052109	22.6327977363	5.83333333333	1	2	3	1	4	0
196	18.3630952381	12.9613095238	26.5476190476	29.4791666667	17.0017121681	20.2719532789	39.0294586734	57.1094849423	17.6824037031	16.6166314014	32.7885388605	43.2943258045	6.0	1	2	6	0	3	1
197	13.125	17.0386904762	23.630952381	22.8422619048	0.0	7.82695374801	7.80795571817	10.2637442537	6.5625	12.4328221121	15.7194540496	16.5530030792	5.58333333333	2	2	5	0	5	0
198	18.4077380952	23.0505952381	35.1339285714	47.4107142857	21.5245332583	33.3137489446	41.3397129187	55.8013181349	19.9661356768	28.1821720913	38.236820745	51.6060162103	6.58333333333	2	1	2	2	3	1
199	15.9523809524	30.1339285714	32.6339285714	43.4375	17.6583169153	25.4323810864	44.1467304625	57.2729618163	16.8053489338	27.7831548289	38.390329517	50.3552309082	6.08333333333	2	1	3	1	3	1
200	6.59226190476	18.5119047619	28.556547619	31.056547619	9.01374425368	17.8387981987	35.1489351722	47.8195656253	7.80300307922	18.1753514803	31.8527413956	39.4380566222	5.91666666667	1	2	3	1	3	1
202	18.1398809524	26.9196428571	37.1130952381	54.3303571429	14.9726756731	18.7412046158	35.9948165869	51.9048456703	16.5562783128	22.8304237365	36.5539559125	53.1176014066	5.91666666667	1	1	3	1	3	1
203	21.6517857143	24.7321428571	28.7946428571	42.7827380952	22.3641992682	30.837437846	46.3659817994	65.3261328455	22.0079924913	27.7847903515	37.5803123283	54.0544354704	5.75	1	1	3	1	2	2
207	15.9970238095	20.5952380952	26.2946428571	38.8095238095	16.2006285768	15.8571395065	29.8857772774	38.9256731401	16.0988261932	18.2261888009	28.0902100673	38.8675984748	6.25	1	2	6	0	7	0
208	18.943452381	17.0833333333	24.8363095238	29.3452380952	13.2594521062	20.4323810864	31.0487616099	45.0049254151	16.1014522436	18.7578572099	27.9425355669	37.1750817552	6.41666666667	2	1	5	0	5	0
209	18.3630952381	30.4613095238	28.4226190476	41.2797619048	21.9549207243	18.68772868	37.7492025518	40.6671592082	20.1590079812	24.5745191019	33.0859107997	40.9734605565	6.0	2	2	3	1	6	0
210	16.5178571429	18.1398809524	27.6488095238	34.7767857143	10.0580495356	21.8813913125	38.3934937611	53.8252884886	13.2879533392	20.0106361324	33.0211516425	44.3010371014	5.58333333333	1	2	4	0	6	0
211	19.5386904762	26.3244047619	30.744047619	40.5803571429	14.3546533446	20.182943991	21.3439347031	41.9865841073	16.9466719104	23.2536743764	26.0439911611	41.2834706251	6.0	2	1	4	0	5	0
212	28.4226190476	28.6607142857	39.9107142857	43.6160714286	24.3555915189	32.0637489446	47.9522000188	49.7626418989	26.3891052833	30.3622316151	43.9314571522	46.6893566637	6.08333333333	2	1	3	1	2	2
213	29.3601190476	32.1428571429	41.4136904762	56.1607142857	25.3037339338	22.6278262501	24.0393095037	36.8235763205	27.3319264907	27.3853416965	32.7264999899	46.4921453031	6.41666666667	2	1	3	1	4	0
215	13.1101190476	18.3482142857	18.5416666667	38.6458333333	11.6073271414	27.7698423867	42.3779200675	59.3256872127	12.3587230945	23.0590283362	30.4597933671	48.985760273	5.66666666667	1	1	3	1	3	1
216	26.6369047619	26.0863095238	34.3601190476	44.3898809524	25.5639600338	37.4956609438	37.4016089689	67.0625762267	26.1004323978	31.7909852338	35.8808640083	55.7262285895	5.75	2	1	2	2	1	2
219	23.5863095238	26.5178571429	29.4196428571	41.8601190476	22.5981564875	35.6446430247	44.4264236795	46.8374143916	23.0922330056	31.0812500838	36.9230332683	44.3487667196	5.83333333333	2	2	2	2	2	2
221	31.1160714286	28.2291666667	35.8630952381	59.0476190476	30.3382118398	33.9359930575	48.7379210057	64.7472792945	30.7271416342	31.0825798621	42.3005081219	61.8974491711	5.66666666667	1	1	3	1	3	1
222	20.0297619048	20.6994047619	30.1339285714	33.7202380952	9.21275447978	15.0899474622	24.4816586922	30.2332535885	14.6212581923	17.8946761121	27.3077936318	31.9767458419	6.5	1	2	4	0	5	0
223	8.66071428571	17.3511904762	27.5595238095	28.1845238095	13.6980485974	20.3321137067	30.7316586922	31.8036401163	11.1793814416	18.8416520915	29.1455912509	29.9940819629	5.66666666667	2	2	5	0	6	0
227	15.3273809524	23.0208333333	33.6160714286	44.5833333333	10.778450136	21.684843794	32.3656065297	51.7926165682	13.0529155442	22.3528385637	32.9908389791	48.1879749507	5.58333333333	1	2	2	2	2	2
228	12.4255952381	19.1964285714	27.1130952381	37.7380952381	15.3424336242	20.8051881039	30.2853222629	42.7414626138	13.8840144311	20.0008083377	28.6992087505	40.2397789259	5.75	2	1	2	2	1	2
230	23.1845238095	33.75	46.7708333333	66.6071428571	20.0698939863	37.7486161929	49.7334412234	62.9979360165	21.6272088979	35.7493080964	48.2521372784	64.8025394368	6.08333333333	1	1	3	1	5	0
231	26.7113095238	24.5238095238	31.4732142857	55.8035714286	22.0232901773	24.6050286143	36.4888826344	39.7252321981	24.3672998506	24.5644190691	33.9810484601	47.7644018134	5.75	1	1	1	2	2	2
232	27.5595238095	33.4821428571	40.0892857143	58.8244047619	20.1927948213	30.5304203021	39.8774509804	48.7399146261	23.8761593154	32.0062815796	39.9833683473	53.782159694	5.75	1	1	1	2	2	2
235	15.4613095238	22.5148809524	32.0535714286	39.1220238095	12.0752415799	21.4870062858	47.3331222441	51.3798198705	13.7682755518	22.0009436191	39.6933468363	45.25092184	6.16666666667	1	1	3	1	3	1
236	21.3988095238	29.7172619048	36.6071428571	69.5238095238	46.5821137067	55.7361150202	64.9885073647	86.6450886575	33.9904616153	42.7266884625	50.7978251109	78.0844490906	6.5	2	1	2	2	2	2
238	17.1577380952	16.9196428571	28.6607142857	34.9404761905	14.6539309504	25.1984238672	41.0914485411	46.4153532226	15.9058345228	21.0590333621	34.8760814134	40.6779147066	6.25	1	2	6	0	4	0
239	20.6547619048	26.7113095238	33.6607142857	57.6785714286	14.4991321888	48.1235341026	58.2900600432	66.1042311662	17.5769470468	37.4174218132	45.9753871644	61.8914012974	5.83333333333	1	1	2	2	2	2
240	22.0982142857	29.6875	38.4226190476	55.2380952381	19.8199878037	33.7786143165	51.0728023267	68.950182944	20.9591010447	31.7330571583	44.7477106871	62.094139091	5.66666666667	1	1	2	2	3	1
241	14.7470238095	20.6547619048	27.1279761905	38.8988095238	12.6820058167	24.5160193264	34.8552866123	45.425931138	13.7145148131	22.5853906156	30.9916314014	42.1623703309	6.33333333333	1	2	3	1	3	1
243	30.8630952381	32.4553571429	40.7738095238	56.369047619	36.2159911812	44.300473778	53.2371704663	70.9623323013	33.5395432096	38.3779154604	47.005489995	63.6656899602	6.25	2	1	2	2	2	2
244	22.4404761905	38.1398809524	38.75	55.8333333333	18.5704568909	28.543132564	34.7067032555	43.8366638521	20.5054665407	33.3415067582	36.7283516277	49.8349985927	6.25	2	2	3	1	6	0
246	15.4761904762	32.1577380952	34.494047619	51.1755952381	19.8991462614	31.2626653532	40.1930293649	50.5837789661	17.6876683688	31.7102017242	37.343538492	50.8796871021	5.83333333333	2	1	2	2	3	1
247	26.5773809524	25.3273809524	36.0267857143	40.2678571429	7.36373018107	12.1220330237	17.6300544141	23.3477577634	16.9705555667	18.7247069881	26.8284200642	31.8078074531	5.91666666667	1	2	3	1	6	0
248	18.5119047619	19.1517857143	31.5773809524	39.1220238095	16.7811239328	18.8934233981	37.2092832348	38.4304343747	17.6465143474	19.0226045562	34.3933320936	38.7762290921	5.91666666667	2	2	6	0	6	0
250	17.7232142857	25.3571428571	31.5625	38.244047619	11.1512571536	15.2195327892	37.0564780936	46.4219204428	14.4372357196	20.2883378232	34.3094890468	42.3329840309	5.5	2	2	3	1	3	1
251	6.10119047619	20.5654761905	21.681547619	40.9523809524	4.70588235294	12.151350971	22.3389858336	28.7575053945	5.40353641457	16.3584135807	22.0102667263	34.8549431734	5.75	2	2	5	0	6	0
252	20.0297619048	27.2470238095	30.0148809524	39.4642857143	15.9069800169	29.212050849	38.2216905901	54.7323857773	17.9683709608	28.2295373293	34.1182857712	47.0983357458	5.75	1	2	4	0	#	#
254	19.1964285714	28.0952380952	24.6428571429	34.255952381	15.0899474622	31.7717421897	41.2579744817	52.2462238484	17.1431880168	29.9334901425	32.9504158123	43.2510881147	6.25	1	2	4	0	3	1
255	20.7142857143	26.875	29.4196428571	48.6755952381	19.9912046158	39.7750727085	43.5147527911	58.8227085092	20.3527451651	33.3250363543	36.4671978241	53.7491518737	5.91666666667	2	1	3	1	2	2
256	32.2321428571	30.6845238095	37.1279761905	60.8333333333	22.2104559527	29.630242049	38.2443240454	64.3050473778	27.2212994049	30.1573829292	37.6861501179	62.5691903556	6.33333333333	2	1	2	2	2	2
260	22.4851190476	34.6279761905	36.6964285714	43.3333333333	31.4484238672	59.5832160615	75.610516934	89.0138615255	26.9667714574	47.105596126	56.1534727527	66.1735974294	6.66666666667	2	1	2	2	2	2
265	22.2321428571	28.0357142857	37.380952381	48.8988095238	17.2171404447	22.9174875692	32.0745379492	46.8287362792	19.7246416509	25.4766009275	34.7277451651	47.8637729015	6.41666666667	1	1	3	1	3	1
267	15.7738095238	23.9583333333	26.755952381	36.6666666667	11.1378881696	24.3751759077	36.1160756168	38.1142696313	13.4558488467	24.1667546205	31.4360139989	37.390468149	6.25	2	1	5	0	6	0
270	24.2708333333	29.6577380952	37.2172619048	50.8779761905	18.8615254714	37.3789755137	35.3026784877	52.6261844451	21.5661794024	33.5183568044	36.2599701962	51.7520803178	6.33333333333	2	1	3	1	5	0
271	24.2857142857	30.3422619048	35.2529761905	54.5386904762	25.9866075617	33.1821699972	32.2724927291	61.1442208462	25.1361609237	31.762215951	33.7627344598	57.8414556612	6.0	2	1	2	2	2	2
